2,677289
2,677268
2,677962
2,677543
2,676436
2,675699
2,674507
2,673328
2,672706
2,671338
2,6705911
2,669171
2,667929
2,666700
2,666012
2,664941
2,663896
2,662718
2,661448
2,660001
2,658972
2,658370
2,657150
2,655971
2,654987
2,653693
2,652643
2,651614
2,650612
2,649446
2,647989
2,646579
2,645352
2,645082
2,644343
2,643305
2,642345
2,641269
2,640249
2,639250
2,638221
2,637077
2,635867
2,635229
2,633671
2,633226
2,631738
2,631004
2,630233
2,629000
2,627975
2,626182
2,625712
2,624292
2,623233
2,622100
2,621504
2,620515
2,619357
2,618592
2,617454
2,616271
2,615796
2,614033
2,613710
2,612515
2,611348
2,610298
2,609231
2,608127
2,607087
2,606084
2,605205
2,604081
2,602927
2,601889
2,601036
2,600049
2,599061
2,598079
2,597044
2,595956
2,594755
2,593776
2,592886
2,591808
2,590947
2,589942
2,588981
2,588095
2,587207
2,586139
2,585174
2,584186
2,583273
2,582260
2,581103
2,579921
2,579322
2,578276
2,577235
2,576232
2,575631
2,574374
2,573124
2,572062
2,571031
2,569968
2,568941
2,567776
2,566878
2,566056
2,565042
2,564064
2,562045
2,561953
2,561065
2,559921
2,558807
2,557801
2,556917
2,555777
2,554782
2,553593
2,552869
2,551700
2,550648
2,549711
2,548734
2,547537
2,546629
2,545484
2,544511
2,543474
2,542460
2,541413
2,540428
2,539300
2,538321
2,537317
2,536305
2,535164
2,534197
2,533236
2,532164
2,531154
2,530254
2,529163
2,528198
2,527136
2,526145
2,525193
2,524119
2,523157
2,522154
2,521303
2,520097
2,519244
2,518430
2,517430
2,516373
2,515436
2,514482
2,513267
2,512343
2,511281
2,510331
2,509339
2,508444
2,507434
2,506277
2,505322
2,504260
2,503311
2,502263
2,501362
2,500378
2,499335
2,498308
2,497321
2,496135
2,495096
2,494147
2,493098
2,492114
2,491121
2,490043
2,489081
2,488018
2,487038
2,486039
2,484907
2,483914
2,482921
2,481986
2,480907
2,479861
2,478939
2,477899
2,476950
2,476034
2,474940
2,473871
2,472961
2,471999
2,471053
2,470123
2,469040
2,468218
2,467048
2,466182
2,465223
2,464253
2,463215
2,462269
2,461220
2,460213
2,459358
2,458374
2,457364
2,456344
2,455332
2,454413
2,453287
2,452340
2,451350
2,450307
2,449357
2,448355
2,447352
2,446339
2,445386
2,444362
2,443338
2,442277
2,441259
2,440249
2,439107
2,437885
2,436889
2,435734
2,434700
2,433543
2,432578
2,431462
2,430494
2,429464
2,428433
2,427481
2,426474
2,425440
2,424422
2,423412
2,422428
2,421328
2,420333
2,419434
2,418366
2,417404
2,416405
2,415423
2,414529
2,413527
2,412551
2,411619
2,410569
2,409563
2,408745
2,407711
2,406819
2,405791
2,404835
2,403841
2,402910
2,401969
2,400909
2,399975
2,398977
2,397941
2,397068
2,396057
2,395064
2,394079
2,393139
2,392142
2,391145
2,390101
2,389093
2,388010
2,387092
2,385924
2,385077
2,383990
2,382902
2,381895
2,380768
2,379685
2,378694
2,377628
2,376569
2,375520
2,374413
2,373323
2,372139
2,371197
2,370085
2,369009
2,367858
2,366939
2,365898
2,364865
2,363887
2,362796
2,361759
2,360769
2,359740
2,358720
2,357670
2,356713
2,355804
2,354769
2,353791
2,352831
2,351851
2,350985
2,349946
2,349173
2,348266
2,347291
2,346363
2,345348
2,344427
2,343420
2,342498
2,341431
2,340382
2,339351
2,338396
2,337257
2,336291
2,335197
2,334268
2,333095
2,332086
2,331134
2,330054
2,329081
2,328097
2,326926
2,325843
2,324767
2,323622
2,322476
2,321407
2,320317
2,319305
2,318153
2,317158
2,316093
2,315116
2,314069
2,312961
2,311911
2,310841
2,309839
2,308796
2,307821
2,306806
2,305710
2,304833
2,303884
2,302625
2,301424
2,300693
2,299711
2,298607
2,297733
2,296678
2,295571
2,294503
2,293625
2,292585
2,291656
2,290604
2,289591
2,288628
2,287715
2,286151
2,285581
2,284126
2,282474
2,283545
2,282362
2,281188
2,279951
2,278958
2,278016
2,276888
2,276067
2,274957
2,273980
2,273022
2,272012
2,271002
2,270021
2,268977
2,267983
2,267010
2,265952
2,264946
2,263834
2,262721
2,261388
2,260669
2,259970
2,258560
2,257609
2,256792
2,255609
2,254413
2,253258
2,252333
2,251334
2,250038
2,248921
2,248118
2,247051
2,245930
2,244977
2,243790
2,242729
2,241773
2,240220
2,239699
2,238622
2,237652
2,236638
2,235441
2,234552
2,233578
2,232538
2,231465
2,230487
2,229412
2,228519
2,227377
2,226319
2,225434
2,224353
2,223455
2,222589
2,221527
2,220550
2,219682
2,218682
2,217637
2,216548
2,215556
2,214497
2,213546
2,212474
2,211533
2,210514
2,209439
2,208483
2,207274
2,206372
2,205380
2,204388
2,203372
2,202323
2,201239
2,200253
2,199156
2,198024
2,196847
2,195835
2,194889
2,193796
2,192380
2,191441
2,190122
2,189103
2,188206
2,187040
2,185759
2,184713
2,183666
2,182528
2,181671
2,180632
2,179536
2,178483
2,177521
2,176319
2,175274
2,174252
2,173251
2,172237
2,171189
2,170367
2,169419
2,168356
2,167475
2,166399
2,165527
2,164518
2,163622
2,162380
2,161356
2,160388
2,159303
2,158368
2,157305
2,156264
2,155245
2,154213
2,153075
2,152146
2,151076
2,150075
2,148968
2,147731
2,146913
2,145849
2,144539
2,143613
2,142487
2,141089
2,140149
2,139007
2,137852
2,136660
2,135432
2,134415
2,133148
2,131785
2,130812
2,130206
2,128601
2,127803
2,126981
2,125215
2,124487
2,123674
2,122309
2,121555
